0 1 1 BolsoMito 0 0 0 0 0 0 2 2 1 2 7 3
1 1 1 goblin 0 0 0 0 0 0 2 1 2 2 7 3
2 1 1 Gnomo 0 0 0 0 0 0 1 2 2 1 6 3
3 1 1 Slime 0 0 0 0 0 0 2 1 1 2 6 3
4 1 1 Fenix 0 0 0 0 0 0 2 1 1 2 6 3
5 1 1 ciclope 0 0 0 0 0 0 1 2 2 2 7 3
6 1 1 Morte 0 0 0 0 0 0 2 2 1 2 7 3
7 1 1 GolemDePedra 0 0 0 0 0 0 1 1 2 2 6 3
8 2 1 Slime 0 0 0 0 0 0 2 2 2 2 8 4
9 2 1 BolsoMito 0 0 0 0 0 0 2 1 2 2 7 3
10 2 1 ciclope 0 0 0 0 0 0 2 2 1 2 7 3
11 2 1 Drake 0 0 0 0 0 0 1 2 2 2 7 3
12 4 1 Esqueleto 0 0 0 0 0 0 2 2 2 2 8 4
13 4 1 SoldadoDasCinzas 0 0 0 0 0 0 1 2 1 2 6 3
14 1 2 SoldadoDasCinzas 0 0 0 0 0 0 4 3 4 4 15 7
15 1 2 PássaroDourado 0 0 0 0 0 0 3 4 4 3 14 7
16 1 2 Zombie 0 0 0 0 0 0 3 4 2 3 12 6
17 1 2 GolemDeArgila 0 0 0 0 0 0 3 4 4 2 13 6
18 1 2 Petista 0 0 0 0 0 0 2 3 3 3 11 5
19 1 2 goblin 0 0 0 0 0 0 2 3 3 2 10 5
20 1 2 Golem 0 0 0 0 0 0 3 2 3 2 10 5
21 1 2 Slime 0 0 0 0 0 0 2 3 4 2 11 5
22 2 2 GuardaRealDasCinzas 0 0 0 0 0 0 2 1 1 2 6 3
23 2 2 PássaroDourado 0 0 0 0 0 0 3 1 3 2 9 4
24 2 2 GolemDeArgila 0 0 0 0 0 0 3 1 3 1 8 4
25 2 2 Feiticeiro 0 0 0 0 0 0 2 1 2 2 7 3
26 4 2 GuardaRealDasCinzas 0 0 0 0 0 0 3 3 2 2 10 5
27 4 2 Lagarto 0 0 0 0 0 0 3 3 3 2 11 5
28 1 3 GolemOssudo 0 0 0 0 0 0 2 4 3 5 14 7
29 1 3 Demônio 0 0 0 0 0 0 2 2 3 2 9 4
30 1 3 Drake 0 0 0 0 0 0 2 2 4 5 13 6
31 1 3 Verme 0 0 0 0 0 0 4 4 3 4 15 7
32 1 3 Ceifeiro 0 0 0 0 0 0 2 5 2 4 13 6
33 1 3 Gnomo 0 0 0 0 0 0 5 5 3 5 18 9
34 1 3 Golem 0 0 0 0 0 0 4 4 4 5 17 8
35 1 3 Fada 0 0 0 0 0 0 2 2 5 4 13 6
36 2 3 Fenix 0 0 0 0 0 0 2 4 4 2 12 6
37 2 3 Ceifeiro 0 0 0 0 0 0 2 3 4 2 11 5
38 2 3 Verme 0 0 0 0 0 0 4 3 4 3 14 7
39 2 3 GolemDeArgila 0 0 0 0 0 0 2 4 4 3 13 6
40 4 3 Petista 0 0 0 0 0 0 2 3 2 3 10 5
41 4 3 Drake 0 0 0 0 0 0 2 3 3 2 10 5
42 1 4 BolsoMito 0 0 0 0 0 0 3 6 6 3 18 9
43 1 4 Bruxa 0 0 0 0 0 0 4 6 3 5 18 9
44 1 4 Bolsominion 0 0 0 0 0 0 5 4 6 4 19 9
45 1 4 ogro 0 0 0 0 0 0 3 5 4 3 15 7
46 1 4 Lagarto 0 0 0 0 0 0 5 4 5 6 20 10
47 1 4 Gnomo 0 0 0 0 0 0 5 5 6 4 20 10
48 1 4 orc 0 0 0 0 0 0 5 3 5 4 17 8
49 1 4 Gnol 0 0 0 0 0 0 3 5 3 3 14 7
50 2 4 Aranha 0 0 0 0 0 0 2 4 3 2 11 5
51 2 4 Assassino 0 0 0 0 0 0 5 5 2 5 17 8
52 2 4 gigante 0 0 0 0 0 0 4 3 2 3 12 6
53 2 4 SoldadoDasCinzas 0 0 0 0 0 0 5 3 3 4 15 7
54 4 4 Ceifeiro 0 0 0 0 0 0 4 5 2 5 16 8
55 4 4 gigante 0 0 0 0 0 0 4 3 2 3 12 6
56 1 5 LulaLadrao 0 0 0 0 0 0 7 6 8 6 27 13
57 1 5 GolemDePedra 0 0 0 0 0 0 6 7 4 7 24 12
58 1 5 gigante 0 0 0 0 0 0 7 6 5 4 22 11
59 1 5 Zombie 0 0 0 0 0 0 7 8 8 7 30 15
60 1 5 LulaLadrao 0 0 0 0 0 0 8 6 6 8 28 14
61 1 5 Bolsominion 0 0 0 0 0 0 5 7 7 4 23 11
62 1 5 GolemDeArgila 0 0 0 0 0 0 8 8 5 6 27 13
63 1 5 Verme 0 0 0 0 0 0 8 5 4 7 24 12
64 2 5 Treant 0 0 0 0 0 0 4 4 7 7 22 11
65 2 5 Lagarto 0 0 0 0 0 0 5 7 5 5 22 11
66 2 5 Presidiário 0 0 0 0 0 0 7 7 6 6 26 13
67 2 5 GolemMineral 0 0 0 0 0 0 5 6 4 7 22 11
68 4 5 SoldadoDasCinzas 0 0 0 0 0 0 6 6 7 5 24 12
69 4 5 Aranha 0 0 0 0 0 0 7 6 4 4 21 10
70 1 6 Verme 0 0 0 0 0 0 9 7 7 9 32 16
71 1 6 Feiticeiro 0 0 0 0 0 0 9 5 6 9 29 14
72 1 6 GolemDeArgila 0 0 0 0 0 0 6 10 7 6 29 14
73 1 6 troll 0 0 0 0 0 0 8 7 5 6 26 13
74 1 6 GolemMineral 0 0 0 0 0 0 10 7 9 10 36 18
75 1 6 ogro 0 0 0 0 0 0 7 9 9 10 35 17
76 1 6 Bruxa 0 0 0 0 0 0 8 10 10 7 35 17
77 1 6 Petista 0 0 0 0 0 0 10 9 9 8 36 18
78 2 6 Lagarto 0 0 0 0 0 0 5 7 6 5 23 11
79 2 6  0 0 0 0 0 0 8 5 8 9 30 15
80 2 6 Esqueleto 0 0 0 0 0 0 9 7 6 9 31 15
81 2 6 goblin 0 0 0 0 0 0 5 8 9 6 28 14
82 4 6 Bandido 0 0 0 0 0 0 7 6 6 6 25 12
83 4 6 Aranha 0 0 0 0 0 0 5 7 8 7 27 13
84 1 7 Bolsominion 0 0 0 0 0 0 11 13 11 11 46 23
85 1 7 Petista 0 0 0 0 0 0 8 7 12 11 38 19
86 1 7 Fenix 0 0 0 0 0 0 9 11 13 11 44 22
87 1 7 Treant 0 0 0 0 0 0 7 11 13 12 43 21
88 1 7 Fenix 0 0 0 0 0 0 10 8 11 10 39 19
89 1 7 Presidiário 0 0 0 0 0 0 10 9 13 13 45 22
90 1 7 GolemDePedra 0 0 0 0 0 0 12 8 13 9 42 21
91 1 7 Demônio 0 0 0 0 0 0 9 13 9 11 42 21
92 2 7  0 0 0 0 0 0 10 9 7 9 35 17
93 2 7 Bolsominion 0 0 0 0 0 0 8 7 8 8 31 15
94 2 7 Assassino 0 0 0 0 0 0 9 10 7 8 34 17
95 2 7 PássadoPedroso 0 0 0 0 0 0 9 10 11 7 37 18
96 4 7 Drake 0 0 0 0 0 0 9 8 11 9 37 18
97 4 7 gigante 0 0 0 0 0 0 8 11 9 10 38 19
98 1 8 LulaLadrao 0 0 0 0 0 0 15 10 12 12 49 24
99 1 8 gigante 0 0 0 0 0 0 15 10 14 9 48 24
100 1 8 Slime 0 0 0 0 0 0 14 11 13 11 49 24
101 1 8 Gnol 0 0 0 0 0 0 16 13 15 11 55 27
102 1 8 gigante 0 0 0 0 0 0 10 15 9 12 46 23
103 1 8 Bruxa 0 0 0 0 0 0 10 11 14 12 47 23
104 1 8 Lagarto 0 0 0 0 0 0 13 11 15 14 53 26
105 1 8 GolemDePedra 0 0 0 0 0 0 15 11 16 10 52 26
106 2 8 GolemDePedra 0 0 0 0 0 0 12 9 9 10 40 20
107 2 8 SoldadoDasCinzas 0 0 0 0 0 0 12 10 14 13 49 24
108 2 8 orc 0 0 0 0 0 0 13 10 13 12 48 24
109 2 8 ÁrvoreCorrompida 0 0 0 0 0 0 12 9 12 10 43 21
110 4 8 Assassino 0 0 0 0 0 0 12 12 10 14 48 24
111 4 8  0 0 0 0 0 0 11 11 9 9 40 20
112 1 9 gigante 0 0 0 0 0 0 19 11 19 19 68 34
113 1 9 Demônio 0 0 0 0 0 0 19 11 16 15 61 30
114 1 9 Fenix 0 0 0 0 0 0 12 15 14 13 54 27
115 1 9 gigante 0 0 0 0 0 0 19 18 12 19 68 34
116 1 9 Lagarto 0 0 0 0 0 0 16 16 17 13 62 31
117 1 9 GolemOssudo 0 0 0 0 0 0 19 12 12 13 56 28
118 1 9 ciclope 0 0 0 0 0 0 13 19 13 16 61 30
119 1 9 troll 0 0 0 0 0 0 16 13 17 16 62 31
120 2 9 Assassino 0 0 0 0 0 0 11 11 13 12 47 23
121 2 9 Verme 0 0 0 0 0 0 16 14 18 18 66 33
122 2 9 LulaLadrao 0 0 0 0 0 0 14 13 18 16 61 30
123 2 9 Treant 0 0 0 0 0 0 11 17 14 16 58 29
124 4 9 Feiticeiro 0 0 0 0 0 0 16 18 12 16 62 31
125 4 9 Golem 0 0 0 0 0 0 12 17 11 12 52 26
126 1 10 ogro 0 0 0 0 0 0 19 14 22 16 71 35
127 1 10 ogro 0 0 0 0 0 0 16 17 22 20 75 37
128 1 10 goblin 0 0 0 0 0 0 23 18 21 23 85 42
129 1 10 Ceifeiro 0 0 0 0 0 0 15 23 15 15 68 34
130 1 10 GuardaRealDasCinzas 0 0 0 0 0 0 20 17 23 20 80 40
131 1 10 Treant 0 0 0 0 0 0 22 15 15 20 72 36
132 1 10 Bandido 0 0 0 0 0 0 21 23 20 15 79 39
133 1 10 LulaLadrao 0 0 0 0 0 0 14 21 19 23 77 38
134 2 10 Lagarto 0 0 0 0 0 0 16 21 18 14 69 34
135 2 10 troll 0 0 0 0 0 0 21 15 16 23 75 37
136 2 10 PássaroDourado 0 0 0 0 0 0 23 18 20 20 81 40
137 2 10 Slime 0 0 0 0 0 0 17 22 21 19 79 39
138 4 10 Fenix 0 0 0 0 0 0 17 16 14 23 70 35
139 4 10 Golem 0 0 0 0 0 0 15 15 15 17 62 31
